%YAML:1.0
---
model_type: PINHOLE
camera_name: head_camera
image_width: 640
image_height: 480
distortion_parameters:
  k1: -0.4449194970200435
  k2: 0.1836279474389309
  p1: 4.939582035179142e-05
  p2: 0.002069153212971213
projection_parameters:
  fx: 436.0277765962883
  fy: 581.3883870956904
  cx: 342.1510988892456
  cy: 220.8160565124571
